39180
16788
42463
10998
64615
61408
5061
29761
22160
48796
24047
10637
44711
39600
10223
7525
44401
64827
45859
43046
1820
6129
34347
64041
14494
3584
42806
65265
31597
54168
51551
4467
62506
6948
20304
2333
25843
65216
18910
54947
40815
31394
3808
56732
46719
64096
53013
63129
31086
7052
51265
62125
6952
52228
40542
8228
27983
17965
51876
40455
47541
22808
23837
54205
51794
25227
60433
39317
61837
25997
6026
8375
3992
32089
36241
29449
26415
23291
49376
6202
10635
36727
16054
37582
40866
44410
44241
43189
48090
8307
21798
54546
15214
19425
54636
34471
47170
47311
5078
34291
